%YAML:1.0
cam0:
  T_cam_imu:
   - [0.014587019484741087, -0.9998892100867971, 0.00296418868431908, 0.023416085345479717]
   - [-0.0150377872657243, -0.0031835476899949866, -0.9998818580103651, -0.0026763860232674524]
   - [0.99978051782214, 0.014540721306386062, -0.015082559702762816, -0.005997775470536887]
   - [0.0, 0.0, 0.0, 1.0]
  cam_overlaps: [1]
  camera_model: pinhole
  distortion_coeffs: [-0.08465590787331398, 0.014239382331090301, 0.0033861389229401725, -0.00021774371666885987]
  distortion_model: radtan
  intrinsics: [242.52492620810636, 241.8006004583259, 314.3244319528039, 188.5497073860113]
  resolution: [640, 360]
  rostopic: /cam0/blackout
  timeshift_cam_imu: -0.005431092456744757

cam1:
  T_cam_imu:
   - [0.046010, -0.998939, 0.003163, -0.09590479573261759]
   - [0.013800, -0.002978, -0.999917, -0.0009349942563265641]
   - [0.998838, 0.046047, -0.012447, -0.006082414122931708]
   - [0.0, 0.0, 0.0, 1.0]

  T_cn_cnm1:
   - [0.99924, -0.03898, 0.00523, -0.11938]
   - [0.03897,  0.99924, 0.00266,  0.00172]
   - [-0.00527, -0.00245, 0.99998,  0.00003]
   - [0.0, 0.0, 0.0, 1.0]

  cam_overlaps: [0]
  camera_model: pinhole
  distortion_coeffs: [-0.08930549301089682, 0.020951382054169874, -0.000143874314884962, -0.0002865123953631926]
  distortion_model: radtan
  intrinsics: [243.42889832543787, 242.73970776875848, 317.37382499615944, 185.10106546591211]
  resolution: [640, 360]
  rostopic: /cam1/blackout
  timeshift_cam_imu: -0.005647016679636822
